547 173
766 240
758 85
550 594
826 390
376 466
175 767
47 328
562 568
248 157
402 588
649 378
572 52
75 351
535 41
919 648
127 244
740 751
483 170
211 637
406 823
779 718
624 415
624 585
536 942
372 754
43 311
286 137
232 713
782 591
611 555
343 231
934 231
232 669
624 425
857 402
924 641
951 668
351 514
722 570
464 63
181 881
311 540
727 632
592 266
952 177
710 365
744 310
404 896
230 631
472 104
986 792
73 472
45 906
487 91
515 332
539 175
133 765
50 859
224 974
487 673
188 779
705 184
474 828
286 80
377 7
424 604
210 109
220 434
248 6
69 549
240 677
636 455
195 254
576 885
300 855
814 812
960 327
124 850
404 43
758 649
954 777
247 44
907 457
391 487
385 375
606 867
418 19
761 978
803 79
871 786
506 270
816 109
870 309
232 250
738 314
336 676
462 261
827 259
505 480
