496 129
831 409
576 602
544 174
228 306
306 178
555 780
408 321
387 332
974 829
387 516
347 689
107 346
828 934
382 4
916 278
235 129
566 498
55 924
116 990
562 524
965 822
207 690
238 66
777 819
62 530
559 682
803 894
63 406
86 706
691 110
481 187
478 51
831 88
756 364
328 347
728 108
229 987
527 650
490 329
574 311
603 128
892 996
163 343
977 673
321 824
859 251
363 176
245 64
50 394
737 4
54 274
783 835
480 832
512 633
243 524
534 821
8 36
717 937
780 537
330 246
808 442
157 704
288 530
668 328
451 938
601 874
738 661
246 19
383 345
129 61
633 425
488 486
710 146
877 237
768 573
705 331
383 820
831 656
587 560
369 268
398 922
756 449
446 301
583 897
420 978
396 617
857 62
373 173
48 485
73 285
387 824
430 899
550 992
73 735
359 661
636 984
652 62
478 231
610 803
