160 161
841 839
457 937
250 706
22 358
562 157
135 214
567 885
847 810
702 981
721 885
811 629
147 20
286 147
642 206
36 824
159 60
858 749
405 486
653 222
534 29
697 557
616 354
675 302
951 511
346 711
107 683
920 719
932 768
338 156
506 990
342 937
292 266
719 162
841 48
1 562
701 724
303 270
363 431
906 185
315 854
383 815
851 243
381 551
496 532
379 611
110 824
933 376
595 903
122 17
397 57
410 973
369 999
741 215
173 402
187 969
843 731
269 699
394 313
803 305
568 264
724 805
344 174
174 43
906 241
558 968
983 212
875 218
210 143
758 395
887 609
193 45
788 726
290 886
115 408
552 205
855 894
414 773
60 793
164 232
173 644
970 936
433 522
100 289
134 407
735 755
619 502
106 280
555 71
170 932
741 834
547 781
171 773
61 471
134 539
311 523
237 764
143 563
542 808
212 485
