299 630
655 766
205 288
970 679
126 675
496 608
429 839
864 580
510 389
281 330
686 718
442 138
285 253
863 456
330 142
483 820
474 337
753 547
165 470
452 807
682 646
231 659
552 222
575 127
940 720
373 348
945 264
345 360
416 728
538 969
748 863
747 551
84 258
362 544
606 651
205 35
762 240
320 165
644 182
447 348
15 158
771 81
824 340
965 267
134 723
730 220
138 284
169 910
631 437
874 67
210 344
11 911
710 647
430 916
120 383
751 886
339 414
948 48
698 854
567 11
447 726
174 117
193 620
611 836
14 440
386 348
560 889
629 802
897 610
263 394
474 155
322 748
763 17
992 505
183 516
865 185
449 503
902 950
932 700
142 608
147 23
498 159
260 990
916 532
836 124
253 322
695 814
699 693
520 288
565 676
703 393
795 474
823 937
379 264
243 326
621 605
902 46
560 950
218 832
481 970
