976 776
109 653
671 265
165 985
888 818
752 653
144 177
558 580
656 977
547 572
131 96
107 241
439 383
44 367
30 456
469 472
398 699
3 311
736 370
845 359
476 994
250 414
702 440
107 191
478 124
189 487
111 218
546 113
770 408
448 955
12 845
195 346
249 715
708 856
454 664
512 266
721 4
267 849
797 848
638 975
952 616
45 753
81 655
421 861
661 625
459 210
65 436
716 352
797 399
949 708
845 688
171 121
587 441
939 622
251 304
694 559
553 297
11 286
324 928
659 375
656 161
861 145
351 268
328 946
883 999
858 557
465 755
483 107
476 380
887 767
570 769
37 421
576 67
36 25
124 734
379 310
887 826
720 680
5 116
266 269
460 948
252 330
932 421
517 61
464 811
667 738
994 78
715 184
888 529
720 811
819 71
990 776
187 736
95 972
243 405
756 504
402 763
51 257
848 196
863 650
