490 893
190 358
814 678
900 97
163 567
876 623
578 272
136 166
31 816
601 142
469 17
476 587
707 409
2 580
741 707
356 940
660 468
361 171
884 435
475 986
367 906
800 263
68 258
834 148
685 374
644 284
337 991
289 486
790 160
1 464
367 818
807 93
940 181
444 806
605 717
458 232
969 728
41 889
29 880
227 389
879 66
917 327
12 689
618 401
659 846
205 176
941 824
264 599
58 717
508 255
244 337
881 89
483 631
507 584
567 903
232 750
529 525
672 368
662 524
545 674
565 970
61 261
458 335
125 484
791 972
981 61
896 5
98 412
448 728
863 426
393 477
221 150
684 854
589 292
372 436
428 749
21 947
42 349
213 783
295 838
169 677
177 157
90 110
156 550
302 596
196 105
713 68
102 68
77 181
316 662
510 99
970 424
771 673
275 450
966 139
183 910
310 464
478 786
395 979
861 547
