857 814
604 379
867 880
901 732
935 988
801 15
887 12
940 688
316 167
768 889
594 200
200 493
180 250
435 196
750 150
994 332
138 42
416 948
58 745
514 664
163 17
761 20
335 592
667 6
111 264
3 548
463 95
238 918
30 199
967 849
72 925
481 654
548 838
238 2
78 317
562 897
409 304
851 867
696 656
1 887
62 488
10 525
426 723
287 268
114 379
466 588
937 310
294 95
213 94
342 583
256 287
1 929
963 454
774 352
811 14
688 45
218 218
896 243
190 846
841 92
421 466
763 115
462 946
824 743
94 1
465 30
582 332
581 345
449 228
737 795
685 391
537 994
662 669
88 392
564 271
795 70
853 212
13 395
164 70
32 133
946 638
832 92
639 464
34 74
307 624
785 263
59 789
723 648
881 870
113 647
528 70
929 291
484 530
110 686
523 253
755 612
497 211
688 902
875 154
741 559
