301 411
659 38
892 564
971 553
942 540
162 871
469 692
980 632
332 12
838 35
747 282
403 123
841 607
366 543
619 47
795 220
577 930
538 448
948 991
633 658
392 413
280 167
619 126
798 133
676 10
118 772
879 884
944 722
271 495
75 585
169 77
144 408
922 467
467 150
618 478
956 130
164 612
865 390
286 972
796 728
140 251
928 810
579 736
556 743
333 984
281 23
3 802
32 100
292 455
17 757
479 528
295 410
646 919
235 23
139 433
912 962
696 937
902 733
264 453
514 912
322 765
144 77
317 981
208 340
793 554
832 632
976 876
788 329
529 766
336 454
833 364
572 790
386 723
323 372
59 117
105 701
557 934
550 730
454 949
450 990
733 518
392 646
338 915
97 809
111 292
580 468
966 872
944 111
728 238
181 889
369 513
525 549
577 865
662 815
347 198
41 584
154 19
877 849
160 332
93 452
