807 182
915 396
632 996
111 632
394 478
773 205
82 471
15 664
111 57
197 324
829 57
556 812
524 928
446 453
890 237
123 290
866 927
18 154
153 307
27 284
303 40
261 725
426 165
337 312
490 225
6 30
900 136
401 25
168 927
227 73
898 17
503 428
306 944
872 430
627 970
632 489
825 32
561 210
946 726
75 984
281 936
328 861
779 748
912 179
498 211
4 77
701 90
209 141
312 964
773 922
640 852
8 630
135 573
106 317
88 718
162 713
331 232
805 539
350 600
312 94
950 35
934 646
414 357
674 13
25 276
440 170
554 28
327 54
458 283
154 610
217 981
758 823
445 927
432 937
835 27
941 145
621 200
363 373
303 172
75 327
63 54
984 395
366 672
907 877
43 957
41 893
406 833
351 98
252 203
789 785
721 881
765 59
652 82
492 118
455 164
516 903
283 870
278 30
977 23
744 785
