798 351
824 567
636 889
984 506
939 858
817 119
269 874
905 712
907 575
159 112
88 406
314 581
994 834
914 139
203 585
162 986
2 904
605 163
505 437
596 521
423 414
846 799
346 463
773 358
30 709
420 792
392 603
75 859
78 432
30 674
683 351
53 524
5 642
172 812
363 249
609 714
286 44
610 934
98 416
558 830
54 439
804 452
960 12
674 552
8 124
374 956
394 603
9 630
290 508
309 32
855 431
31 529
377 950
121 0
45 980
140 147
367 240
730 252
237 808
733 549
969 679
158 590
904 726
254 397
595 101
702 808
393 759
888 958
815 95
231 402
575 777
273 791
891 446
108 990
980 857
341 284
415 942
775 271
518 455
979 944
199 614
604 890
38 360
44 72
414 486
164 344
814 318
566 833
735 338
558 312
211 230
573 116
577 947
176 309
681 117
152 528
348 432
906 198
381 944
668 815
