1456 4648
258 1640
2312 2783
705 2150
2221 2734
1699 2706
901 1082
3561 4337
3523 960
3673 4052
1804 2065
2727 4756
1434 2296
2348 3513
4272 3116
1807 4628
3168 1329
388 4838
2210 1980
3034 4943
3573 1822
2098 803
3227 4152
3332 2387
3896 4457
1116 424
2555 4356
1573 3901
4232 981
3756 4094
2525 1045
2921 891
2180 3444
2210 4073
209 3311
4728 1891
3484 3234
4829 1669
2857 2951
230 4425
486 3504
2614 1446
2124 193
1028 4262
3282 2474
454 526
3774 3955
1117 4835
2973 2441
2339 3763
4558 1296
2562 3626
482 4577
1958 158
646 3103
3342 4237
756 596
480 606
471 33
1755 4805
4246 1278
424 1427
1435 4790
1291 2197
4300 3559
1551 2003
857 1256
3856 3612
4599 1716
1317 344
340 2103
3373 1742
4212 3182
3417 608
1604 667
3266 4028
3757 153
3044 1324
1811 3365
3884 1543
879 2526
4782 1641
2057 4759
1475 913
4066 4842
4360 3282
265 2087
3802 4156
3556 805
3129 3908
186 1832
2314 1025
4951 2884
4618 1728
791 1905
415 4275
1702 3864
2201 4205
4536 1940
1593 193
4156 4100
4473 940
1638 2600
3653 4832
1302 2962
4944 1106
3235 136
1730 3262
4699 2047
3376 3369
2151 42
2948 4624
1731 3114
4831 4903
1484 880
1468 644
1109 1193
4735 4502
795 1130
798 1648
4855 709
1655 322
653 4594
2658 2729
3611 3473
4480 1190
2019 2046
1860 2421
1892 1847
3929 4231
1214 4298
1132 362
4901 4386
2923 2671
1424 1500
350 3621
1970 3893
213 1124
4697 1631
1787 2556
1565 1787
553 3815
2179 4600
3070 3100
690 4885
445 3597
4926 4555
1696 4740
4780 1895
3204 2297
2333 4943
4036 4831
3062 83
2267 4528
2742 2310
4116 934
3874 2636
612 1852
1230 1254
810 4388
1525 3612
3957 858
3939 1419
4280 4768
3193 3495
4978 4979
217 2866
1361 4423
2818 1174
1391 2999
4518 2335
2957 1655
658 2157
600 2893
3430 2969
2625 2381
4837 2133
1505 852
4159 1529
1084 2040
2397 4987
3501 998
1893 3550
2371 2675
2432 2319
2555 3751
407 4820
4398 3575
3005 277
3925 2674
2617 880
3833 471
2570 3880
4288 405
2144 4469
3157 2674
4545 3194
4262 384
993 3219
3196 4397
1830 1925
959 2681
2611 283
608 1150
738 3486
387 4451
520 764
837 954
4867 2772
3738 2251
4039 3929
3786 1696
4362 965
2444 4082
1805 1664
508 3299
4676 4425
961 2134
1216 1116
2066 1668
4650 989
2251 697
3986 2500
578 654
3914 1522
4375 3879
3876 1538
2339 4192
2547 4403
1856 20
3737 2157
4289 4855
604 811
3851 1973
1966 2120
2029 249
342 3556
404 2026
4985 3913
1082 1995
2861 3865
4256 3690
807 267
1497 316
763 1173
3768 3111
1316 2076
4533 3439
1285 4794
77 205
2423 3271
4832 2613
3843 2443
1502 4343
67 2466
380 3001
829 4026
1755 2603
4104 1561
4483 819
4945 1659
3614 4177
3655 3434
615 725
4358 4414
2549 4592
3033 3648
2587 2313
460 465
3058 4465
1441 264
352 1760
1745 556
3787 217
2622 439
65 2052
4766 572
2058 1564
522 1194
1920 1216
1200 3200
3341 4341
1598 276
3486 2963
1464 3695
2279 1190
899 4587
3423 4729
2203 2496
3117 350
3106 4859
859 3201
866 3112
618 4526
1269 4418
3375 2784
4691 704
1452 2875
3804 2050
4034 1548
2398 1996
1069 2000
889 4050
2024 658
833 4910
2211 3265
188 2421
2258 3513
3157 504
1048 1537
904 2346
988 3365
1447 270
579 2300
460 4739
3510 117
2543 2953
493 1893
1211 2982
740 3901
4 4421
3228 3442
3084 3135
2429 2836
286 532
1492 3051
1786 3859
1312 3727
4587 3496
1345 2239
1957 4822
2274 1316
4379 1246
1310 1783
4016 2582
3089 2176
820 2605
257 2345
1665 3878
3389 3850
1871 3700
2556 974
3093 4709
1441 238
3200 777
766 3228
4345 2884
3463 627
2962 1506
3976 1797
1577 3691
2513 501
889 3136
1545 118
4853 3940
4929 2603
4566 2070
1778 4193
191 3591
2322 2098
2879 2991
1090 19
1022 4149
1292 3592
3244 462
2572 4047
1286 2324
1923 1722
3787 171
2268 3889
2758 2785
689 1903
3228 3733
853 2508
801 3841
4904 1339
718 346
3726 2116
4973 4552
3289 4125
2752 2561
1408 4325
3423 1370
312 4825
2361 1665
2834 2234
77 1749
4317 3999
4217 31
638 2703
4459 2901
3453 2825
2549 772
4241 4936
374 829
1991 1201
4447 1044
1191 407
620 3357
2751 1089
428 1056
4508 2945
1626 1807
542 2361
2629 3332
4988 3546
4124 1152
3312 2021
2942 3754
2900 3109
449 965
1548 2164
561 174
86 1517
2860 1524
4320 1858
540 576
3785 3031
2341 4111
1867 4902
2831 2565
847 253
109 853
2601 4453
199 2039
4661 1020
4078 4280
1123 1653
2062 2472
3191 3863
3017 4912
3948 2379
2289 4018
1322 3178
4509 1686
4644 1295
2392 1610
3695 1720
79 2202
2753 4018
1898 2160
3646 1733
4724 2502
953 4910
1422 2017
1993 2333
1313 1040
3338 2430
699 126
4701 1595
3307 2732
234 1810
3152 3674
4333 1595
1816 1735
1279 1909
3813 3376
3135 4761
1508 4765
1824 6
4313 3378
2677 1031
861 4301
2506 154
2833 2507
1204 4635
1264 4552
1612 2857
687 2990
1560 4974
992 3933
699 452
993 2037
1639 4366
3134 4848
2831 3381
1214 4915
1657 1045
4356 3726
2548 992
3956 4186
4503 3400
3794 163
1226 3138
4309 2046
1105 3401
2865 148
2382 1505
2221 4983
1293 726
3962 1701
847 1004
270 1011
3439 4912
2920 756
1801 1518
1372 3050
3500 3212
3665 3916
909 1423
2066 2120
86 405
3346 4139
3239 3059
19 2311
1700 1000
168 1148
4358 2745
2201 4307
2759 1614
1719 3702
752 3373
2817 4708
725 838
999 3108
2500 4847
1277 2215
321 3192
2930 2075
2958 401
641 677
2153 4331
3583 3655
4094 237
391 4002
1815 2120
1578 1589
1593 1029
835 1327
1705 1725
3802 1906
3919 3377
2463 657
1090 3724
2 4763
2308 4957
4616 2224
574 3545
3393 2091
4631 1784
799 2017
897 3847
3441 2009
365 1790
1169 3332
57 3843
2971 4655
863 2583
3184 4567
2527 4871
3066 2652
3135 4910
3440 3425
115 681
3900 4507
552 2451
4283 1831
1061 658
604 3265
1955 793
1069 4403
2932 3839
3450 2035
2339 328
1432 3248
538 2027
209 830
4530 116
113 2935
318 4763
2296 3052
825 2900
1505 2949
4753 1168
4251 534
3492 1540
1517 2011
2802 4809
1375 973
1203 2844
6 869
1883 3726
177 96
2194 4959
3602 2043
3193 727
2591 57
1122 2701
1866 3131
3583 4907
149 1399
414 2601
2234 2421
2908 1833
2466 4197
2551 4195
2140 2085
784 3258
4064 2050
4609 4423
4381 1452
2139 1029
4448 256
4268 412
734 3928
1622 3386
1955 317
2011 374
2212 2384
112 4207
2562 2381
2560 3509
3104 2577
1163 3126
319 1773
798 1324
2192 1731
3021 4037
2650 2489
2558 731
2748 149
2103 2332
1213 1919
347 1861
4178 4677
1513 2139
4856 1370
1253 3282
4139 1280
563 2282
3046 1217
866 1846
2748 1168
861 103
4334 3541
4904 1185
3518 3161
2953 1691
3515 478
260 1357
4062 1403
60 1125
3196 3351
3127 3843
2989 923
1761 3894
3165 4205
459 1702
4961 1842
2613 3795
3988 2068
2994 2133
2386 4284
1260 86
3413 4906
3208 2062
2062 4619
1707 2037
3246 3450
2060 2814
3365 258
4460 4810
2252 2506
771 2738
318 4090
2693 1129
4524 4133
4061 1769
2969 1936
3809 3125
4506 4290
3422 3935
2651 708
3797 1036
1326 1435
1942 3956
3253 1828
1988 1630
2002 1991
4074 4635
3509 2039
4140 2338
2901 3209
4184 3884
2619 2251
1542 632
1052 2359
2911 3610
733 3775
3370 2960
3875 1715
2205 1094
4371 3666
673 170
928 3709
414 4370
188 3610
2458 4100
4505 4639
1684 2334
1887 693
2870 1647
1889 1944
2530 1710
1019 2252
1627 1330
4151 3338
3895 3114
4408 2595
3236 2158
3734 1116
921 53
284 4442
2847 2848
1534 1712
4264 4343
1135 447
2590 1123
3746 3822
911 2763
887 2826
2231 2187
1600 2759
2534 42
324 3696
4324 4074
1940 4539
2267 2094
229 1736
4132 927
4613 4052
4100 1663
1153 1257
2968 4298
702 3408
534 1361
2519 2674
238 2481
2487 1611
794 4196
2815 840
1050 3847
2186 1714
1666 1499
2422 1484
368 431
1182 4226
2752 4950
2542 1122
2659 1789
2495 3527
1120 2696
1300 3299
401 3382
3196 2861
3049 3498
3544 1692
1380 3619
1231 19
4648 4878
3001 4629
4771 4370
3801 4442
1253 2156
798 1299
2783 4501
3443 3874
3468 4257
2422 1694
4399 809
766 2958
293 1467
681 1635
4052 1983
1492 2003
53 1670
2372 1979
2486 503
3453 1549
18 1834
1761 2371
3621 4248
219 1554
2227 1898
973 3642
3608 1593
1286 1917
4061 1150
4432 2614
4194 4516
2201 2093
31 3610
1912 4296
3352 805
2939 4803
1704 366
4471 411
2380 4832
151 1079
2051 4308
1848 3184
3565 2320
4269 2699
4202 2269
2670 2597
3324 3240
478 2119
4512 1340
1733 3897
3601 3166
179 3099
581 4201
1167 1978
964 1499
2919 4368
3142 776
912 384
1733 3253
4345 2904
571 1303
307 575
3196 3861
3563 3553
4503 2259
1219 1361
1929 225
3213 4974
3163 924
1666 3497
3206 1483
555 2446
4548 2884
3302 4097
272 3872
730 2539
2408 3636
990 1029
2490 2370
1047 3044
1557 439
3489 3822
1193 3838
2969 1908
2578 413
1216 808
4329 2927
210 2048
859 3354
119 4204
502 641
2762 717
1194 1412
2105 2766
1276 2366
3180 1344
2769 1712
2633 3368
1712 2309
2726 3947
1960 382
3801 2382
2557 3726
4693 1247
1677 4432
3438 1072
3440 936
2663 29
4487 679
2002 83
2092 507
4256 2148
1315 278
4241 4184
199 2622
886 4622
2759 4677
3213 1107
1970 994
1396 1058
3218 4504
2370 1630
2029 2421
2779 1636
393 4781
3842 1068
1633 2128
4764 1024
3683 3170
2642 3174
293 4281
3199 1563
2503 3908
907 4737
1881 522
63 4370
4472 2017
4226 3829
3374 368
36 1873
328 2663
1217 4296
1292 3477
4776 3182
3602 3018
1436 1569
3098 2702
3306 2579
4262 2586
380 1509
2994 2854
3326 1479
4977 1018
3359 1110
4273 873
2019 2253
4019 1099
1990 2671
1620 1090
3947 4003
4183 2519
190 3321
3878 3054
4967 1813
1654 2519
1096 154
1243 1678
1704 88
348 621
89 3472
1225 409
895 3391
1738 2466
4995 1818
633 4647
3126 746
3546 4969
2210 3944
2058 1415
4293 1890
1606 1115
4559 1494
3422 970
303 2542
4514 537
2936 4172
4883 198
1722 3848
4301 1437
3334 3921
2203 1348
2210 841
3124 1497
70 4436
2293 3618
4750 1769
1591 1382
4937 1305
4322 618
4345 3056
1410 3310
228 258
2833 145
4674 1288
3605 1586
3312 4419
3739 4305
1749 3592
2660 1061
1779 125
95 4176
456 1123
160 3624
3437 4692
127 2494
4175 3791
1052 4316
4028 1497
1818 4907
2280 3550
4857 3251
1041 2545
736 1382
4647 712
210 3223
153 1292
3977 119
2884 3191
3641 4281
2773 2247
3950 4919
3024 1546
2304 4531
1834 2522
1582 2818
2188 3115
505 2902
297 786
3923 1356
3930 1321
4375 4838
